2,2 2,27 2,43
IdPieza; Tipo; nombre; Cantidad; Peso; Rotación; x; y; z
0;2;caja;2;10;1;50;89;25
1;2;cilindro;2;10;1;65;200;20
2;3;Otro;5;1;0;0;0;0
;;;;;;50;0;0
;;;;;;0;90;0
;;;;;;50;89;0
;;;;;;0;0;89
;;;;;;50;0;89
;;;;;;0;89;89
;;;;;;50;89;89
;;;;;;80;26;20
4;2;cilindro1;4;13,2;1;80;26;20
3;3;Otro1;5;1;0;0;0;0
;;;;;;50;0;0
;;;;;;0;100;0
;;;;;;50;89;0
;;;;;;0;0;89
;;;;;;50;0;89
;;;;;;0;100;89
;;;;;;50;100;100
;;;;;;12;89;25
5;1;caja1;5;10;1;12;89;25
	
6
64
6
218
2 2 5 4 5 5
0 1 2 3 4 5 6 7 8 9 10 11 12 13 14 15 16 17 18 19 20 21 22 23 24 25 26 27 28 29 30 31 32 33 34 35 36 37 38 39 40 41 42 43 44 45 46 47 48 49 50 51 52 53 54 55 56 57 58 59 60 61 62 63
0 1 2 3 4 5 6 7 8 9 10 11 12 13 14 15 16 17 18 19 20 21 22 23 24 25 26 27 28 29 30 31 32 33 34 35 36 37 38 39 40 41 42 43 44 45 46 47 48 49 50 51 52 53 54 55 56 57 58 59 60 61 62 63
0
0 1 2 3 4 5 6 7 8 9 10 11 12 13 14 15 16 17 18 19 20 21 22 23 24 25 26 27 28 29 30 31 32 33 34 35 36 37 38 39 40 41 42 43 44 45 46 47 48 49 50 51 52 53 54 55 56 57 58 59 60 61 62 63
0
0 1 2 3 4 5 6 7 8 9 10 11 12 13 14 15 16 17 18 19 20 21 22 23 24 25 26 27 28 29 30 31 32 33 34 35 36 37 38 39 40 41 42 43 44 45 46 47 48 49 50 51 52 53 54 55 56 57 58 59 60 61 62 63
0 0 0
0 0 90
0 0 180
0 0 270
0 90 0
0 90 90
0 90 180
0 90 270
0 180 0
0 180 90
0 180 180
0 180 270
0 270 0
0 270 90
0 270 180
0 270 270
90 0 0
90 0 90
90 0 180
90 0 270
90 90 0
90 90 90
90 90 180
90 90 270
90 180 0
90 180 90
90 180 180
90 180 270
90 270 0
90 270 90
90 270 180
90 270 270
180 0 0
180 0 90
180 0 180
180 0 270
180 90 0
180 90 90
180 90 180
180 90 270
180 180 0
180 180 90
180 180 180
180 180 270
180 270 0
180 270 90
180 270 180
180 270 270
270 0 0
270 0 90
270 0 180
270 0 270
270 90 0
270 90 90
270 90 180
270 90 270
270 180 0
270 180 90
270 180 180
270 180 270
270 270 0
270 270 90
270 270 180
270 270 270
0
1
2
4
3
5
0 1 2 3 4 5 6 7 8 9 10 11 12 13 14 15 16 17 18 19 20 21 22 23 24 25 26 27 28 29 30 31 32 33 34 35 36 37 38 39 40 41 42 43 44 45 46 47 48 49 50 51 52 53 54 55 56 57 58 59 60 61 62 63
64 65 66 67 68 69 70 71 72 73 74 75 76 77 78 79 80 81 82 83 84 85 86 87 88 89 90 91 92 93 94 95 96 97 98 99 100 101 102 103 104 105 106 107 108 109 110 111 112 113 114 115 116 117 118 119 120 121 122 123 124 125 126 127
128 129 130 131 132 133 134 135 136
137 138 139 140 141 142 143 144 145 146 147 148 149 150 151 152 153 154 155 156 157 158 159 160 161 162 163 164 165 166 167 168 169 170 171 172 173 174 175 176 177 178 179 180 181 182 183 184 185 186 187 188 189 190 191 192 193 194 195 196 197 198 199 200
201 202 203 204 205 206 207 208 209
210 211 212 213 214 215 216 217
0 0 0
0 0 89
-0,2413465 2,450428 0
-0,2413465 2,450428 89
-0,9561101 4,806689 0
-0,9561101 4,806689 89
-2,116823 6,97823 0
-2,116823 6,97823 89
-3,67888 8,881602 0
-3,67888 8,881602 89
-5,582253 10,44366 0
-5,582253 10,44366 89
-7,753794 11,60437 0
-7,753794 11,60437 89
-10,11005 12,31914 0
-10,11005 12,31914 89
-12,56048 12,56048 0
-12,56048 12,56048 89
-15,01091 12,31914 0
-15,01091 12,31914 89
-17,36717 11,60437 0
-17,36717 11,60437 89
-19,53871 10,44366 0
-19,53871 10,44366 89
-21,44208 8,881602 0
-21,44208 8,881602 89
-23,00414 6,97823 0
-23,00414 6,97823 89
-24,16486 4,806686 0
-24,16486 4,806686 89
-24,87962 2,450428 0
-24,87962 2,450428 89
-25,12096 -1,098072E-06 0
-25,12096 -1,098072E-06 89
-24,87962 -2,450431 0
-24,87962 -2,450431 89
-24,16485 -4,806688 0
-24,16485 -4,806688 89
-23,00414 -6,978231 0
-23,00414 -6,978231 89
-21,44208 -8,881603 0
-21,44208 -8,881603 89
-19,53871 -10,44366 0
-19,53871 -10,44366 89
-17,36717 -11,60437 0
-17,36717 -11,60437 89
-15,01091 -12,31914 0
-15,01091 -12,31914 89
-12,56048 -12,56048 0
-12,56048 -12,56048 89
-10,11005 -12,31914 0
-10,11005 -12,31914 89
-7,753791 -11,60437 0
-7,753791 -11,60437 89
-5,58225 -10,44366 0
-5,58225 -10,44366 89
-3,678877 -8,881598 0
-3,678877 -8,881598 89
-2,116823 -6,978231 0
-2,116823 -6,978231 89
-0,9561093 -4,806688 0
-0,9561093 -4,806688 89
-0,2413458 -2,450427 0
-0,2413458 -2,450427 89
0 0 0
0 0 200
-0,1930772 1,960343 0
-0,1930772 1,960343 200
-0,7648881 3,845351 0
-0,7648881 3,845351 200
-1,693458 5,582584 0
-1,693458 5,582584 200
-2,943104 7,105281 0
-2,943104 7,105281 200
-4,465802 8,354928 0
-4,465802 8,354928 200
-6,203035 9,283498 0
-6,203035 9,283498 200
-8,088044 9,855309 0
-8,088044 9,855309 200
-10,04839 10,04839 0
-10,04839 10,04839 200
-12,00873 9,855309 0
-12,00873 9,855309 200
-13,89374 9,283498 0
-13,89374 9,283498 200
-15,63097 8,354926 0
-15,63097 8,354926 200
-17,15367 7,105281 0
-17,15367 7,105281 200
-18,40331 5,582583 0
-18,40331 5,582583 200
-19,33188 3,845349 0
-19,33188 3,845349 200
-19,90369 1,960343 0
-19,90369 1,960343 200
-20,09677 -8,784578E-07 0
-20,09677 -8,784578E-07 200
-19,90369 -1,960344 0
-19,90369 -1,960344 200
-19,33188 -3,845351 0
-19,33188 -3,845351 200
-18,40331 -5,582585 0
-18,40331 -5,582585 200
-17,15367 -7,105283 0
-17,15367 -7,105283 200
-15,63097 -8,354929 0
-15,63097 -8,354929 200
-13,89373 -9,2835 0
-13,89373 -9,2835 200
-12,00873 -9,855309 0
-12,00873 -9,855309 200
-10,04839 -10,04839 0
-10,04839 -10,04839 200
-8,088042 -9,855309 0
-8,088042 -9,855309 200
-6,203033 -9,283497 0
-6,203033 -9,283497 200
-4,4658 -8,354926 0
-4,4658 -8,354926 200
-2,943102 -7,105279 0
-2,943102 -7,105279 200
-1,693458 -5,582585 0
-1,693458 -5,582585 200
-0,7648875 -3,845351 0
-0,7648875 -3,845351 200
-0,1930766 -1,960342 0
-0,1930766 -1,960342 200
0 0 0
50 0 0
0 90 0
50 89 0
0 0 89
50 0 89
0 89 89
50 89 89
80 26 20
0 0 0
0 0 26
-0,1930772 1,960343 0
-0,1930772 1,960343 26
-0,7648881 3,845351 0
-0,7648881 3,845351 26
-1,693458 5,582584 0
-1,693458 5,582584 26
-2,943104 7,105281 0
-2,943104 7,105281 26
-4,465802 8,354928 0
-4,465802 8,354928 26
-6,203035 9,283498 0
-6,203035 9,283498 26
-8,088044 9,855309 0
-8,088044 9,855309 26
-10,04839 10,04839 0
-10,04839 10,04839 26
-12,00873 9,855309 0
-12,00873 9,855309 26
-13,89374 9,283498 0
-13,89374 9,283498 26
-15,63097 8,354926 0
-15,63097 8,354926 26
-17,15367 7,105281 0
-17,15367 7,105281 26
-18,40331 5,582583 0
-18,40331 5,582583 26
-19,33188 3,845349 0
-19,33188 3,845349 26
-19,90369 1,960343 0
-19,90369 1,960343 26
-20,09677 -8,784578E-07 0
-20,09677 -8,784578E-07 26
-19,90369 -1,960344 0
-19,90369 -1,960344 26
-19,33188 -3,845351 0
-19,33188 -3,845351 26
-18,40331 -5,582585 0
-18,40331 -5,582585 26
-17,15367 -7,105283 0
-17,15367 -7,105283 26
-15,63097 -8,354929 0
-15,63097 -8,354929 26
-13,89373 -9,2835 0
-13,89373 -9,2835 26
-12,00873 -9,855309 0
-12,00873 -9,855309 26
-10,04839 -10,04839 0
-10,04839 -10,04839 26
-8,088042 -9,855309 0
-8,088042 -9,855309 26
-6,203033 -9,283497 0
-6,203033 -9,283497 26
-4,4658 -8,354926 0
-4,4658 -8,354926 26
-2,943102 -7,105279 0
-2,943102 -7,105279 26
-1,693458 -5,582585 0
-1,693458 -5,582585 26
-0,7648875 -3,845351 0
-0,7648875 -3,845351 26
-0,1930766 -1,960342 0
-0,1930766 -1,960342 26
0 0 0
50 0 0
0 100 0
50 89 0
0 0 89
50 0 89
0 100 89
50 100 100
12 89 25
0 0 0
12 0 0
0 89 0
12 89 0
0 0 25
12 0 25
0 89 25
12 89 25
	
Time: 17148
Volumen ocupado = 4.95836e+06
200	200	181.998
Id	Piece	in	x	y	z	qw	qx	qy	qz
0	0	1	175.001	45.7595	12	4.32978e-17	4.32978e-17	0.707107	0.707107
1	0	1	100.001	56.4091	12	0.5	-0.5	-0.5	0.5
2	1	1	200.001	2.24964e-32	38	0.707107	-0.707107	8.65956e-17	0
3	1	1	200.001	200	10.5339	0.5	-0.5	-0.5	0.5
4	2	1	103.81	0	0.533932	1	0	0	0
5	2	1	0	0.208246	24	1	0	0	0
6	2	1	0	90.2082	0	1	0	0	0
7	2	1	120.001	100	39.3333	1	0	0	0
8	2	1	58.6967	0	92.9977	1	0	0	0
9	3	1	150.001	100	181.998	3.7494e-33	-1	6.12323e-17	6.12323e-17
10	3	1	70.001	197.15	131.998	3.7494e-33	-1	6.12323e-17	6.12323e-17
11	3	1	200.001	100	131.998	-0.707107	-0	0.707107	-0
12	3	1	100	200	131.998	-0.5	-0.5	0.5	-0.5
13	4	1	20	93.7395	139	1	0	0	0
14	4	1	20	10.4111	113	1	0	0	0
15	4	1	20	49.7395	155.998	1	0	0	0
16	4	1	86.3751	10	0	1	0	0	0
17	4	1	45.001	10	146.498	1	0	0	0
18	5	1	91.8097	26.408	3.9977	0.707107	0.707107	0	0
19	5	1	20.001	180.208	20.9756	0.5	0.5	0.5	0.5
20	5	1	45.001	180.208	20.9756	0.5	0.5	0.5	0.5
21	5	1	65.6186	56.4091	0	0.5	0.5	0.5	0.5
22	5	1	59.9043	68.4091	0	0.5	0.5	0.5	0.5
